166 1112024002 12345
1112024003 12345
1112024004 12345
1112024005 12345
1112024007 12345
1112024008 12345
1112024009 12345
1112024012 12345
1112024014 12345
1112024015 12345
1112024016 12345
1212022001 12345
1212022002 12345
1212022003 12345
1212022004 12345
1212022005 12345
1212022006 12345
1212022007 12345
1212022008 12345
1212022009 12345
1212022010 12345
1212022011 12345
1212022012 12345
1212022013 12345
1212022014 12345
1212022015 12345
1212022016 12345
1212022017 12345
1212022018 12345
1312023002 12345
1312023003 12345
1312023004 12345
1312023005 12345
1312023006 12345
1312023007 12345
1312023008 12345
1312023009 12345
1312023010 12345
1312023011 12345
1312023012 12345
1312023013 12345
1312023014 12345
1312023015 12345
1312023016 12345
1312023017 12345
1312023018 12345
1312023019 12345
1312023020 12345
1312023021 12345
1312023022 12345
1412021013 12345
1412021014 12345
1412021015 12345
1412021016 12345
1412021017 12345
1412021018 12345
1412021019 12345
1412021020 12345
1412021021 12345
1412021022 12345
1412021023 12345
1412021024 12345
1412021025 12345
1412021026 12345
1412021027 12345
1412021028 12345
1412021029 12345
1412021030 12345
1412021031 12345
1412021032 12345
1112025017 12345
1112025018 12345
1112025019 12345
1112025022 12345
1112027001 12345
1112027002 12345
1112027003 12345
1111000004 12345
1111000005 12345
1111000006 12345
1111000007 12345
1111000009 12345
1111000010 12345
1111000011 12345
1111000012 12345
1111000014 12345
1111000016 12345
1211000017 12345
1211000018 12345
1211000019 12345
1211000020 12345
1211000021 12345
1211000022 12345
1211000023 12345
1211000024 12345
1211000025 12345
1211000026 12345
1211000027 12345
1211000028 12345
1211000029 12345
1211000030 12345
1211000031 12345
1211000032 12345
1211000033 12345
1311000037 12345
1311000038 12345
1311000039 12345
1311000040 12345
1311000041 12345
1311000042 12345
1311000043 12345
1311000044 12345
1311000045 12345
1311000046 12345
1311000047 12345
1311000048 12345
1311000049 12345
1311000050 12345
1311000051 12345
1311000052 12345
1311000053 12345
1311000054 12345
1311000055 12345
1311000056 12345
1311000057 12345
1311000058 12345
1311000059 12345
1311000060 12345
1311000061 12345
1311000062 12345
1311000063 12345
1311000064 12345
1411000068 12345
1411000069 12345
1411000070 12345
1411000071 12345
1411000072 12345
1411000073 12345
1411000074 12345
1411000075 12345
1411000076 12345
1411000077 12345
1411000078 12345
1411000079 12345
1411000080 12345
1411000081 12345
1411000082 12345
1411000083 12345
1411000084 12345
1411000085 12345
1411000086 12345
1411000087 12345
1411000088 12345
1411000089 12345
1411000090 12345
1411000091 12345
1411000092 12345
1411000093 12345
1411000094 12345
1411000095 12345
1411000096 12345
1411000097 12345
1411000098 12345
1411000099 12345
1411000100 12345
123 123